0.052047388 0.029972654
0.06080935 0.046674465
0.06645151 0.065869278
0.06855044 0.087000256
0.066767056 0.109443185
0.060855646 0.132519759
0.050671056 0.155512106
0.036173869 0.177678301
0.017433477 0.198268559
-0.005371043 0.216541807
-0.03195229 0.231782321
-0.061918114 0.243316106
-0.094777389 0.2505267
-0.129947873 0.252870094
-0.166766057 0.249888478
-0.20449881 0.241222523
-0.24235666 0.22662196
-0.279508456 0.205954221
-0.315097166 0.179210954
-0.348256535 0.146512256
-0.378128302 0.108108512
-0.403879661 0.064379751
-0.424720656 0.01583251
-0.439921174 -0.036905796
-0.448827232 -0.093094937
-0.45087623 -0.151892258
-0.445610882 -0.212365245
-0.432691545 -0.273506099
-0.411906692 -0.334248066
-0.383181296 -0.393483293
-0.346582941 -0.45008189
-0.302325505 -0.50291191
-0.250770293 -0.550859889
-0.192424548 -0.592851603
-0.127937317 -0.627872678
-0.05809269 -0.654988692
0.016199544 -0.673364391
0.093915685 -0.682281687
0.173932232 -0.681156083
0.255042097 -0.669551209
0.335972708 -0.647191185
0.415405721 -0.613970544
0.491998032 -0.569961494
0.564403782 -0.515418343
0.631296974 -0.450778938
0.691394362 -0.376663043
0.743478204 -0.293867603
0.786418519 -0.20335892
0.819194444 -0.106261786
0.840914334 -0.003845709
-0.061248498 0.038370124
-0.079424987 0.039747023
-0.098472041 0.03712143
-0.117729013 0.030322649
-0.136511742 0.019288179
-0.154127865 0.004066775
-0.169892441 -0.015180778
-0.183143609 -0.038183191
-0.193257949 -0.064562493
-0.199665263 -0.093840098
-0.201862491 -0.125445013
-0.19942646 -0.158724063
-0.192025242 -0.192953944
-0.17942786 -0.227354913
-0.161512146 -0.261105857
-0.13827058 -0.293360481
-0.109813971 -0.323264329
-0.076372868 -0.349972311
-0.038296655 -0.372666436
0.003949695 -0.3905734
0.049791191 -0.402981713
0.098550646 -0.409258032
0.149458645 -0.408862381
0.201665516 -0.401361964
0.254255123 -0.386443283
0.306260247 -0.363922317
0.356679324 -0.333752526
0.404494248 -0.29603051
0.44868894 -0.250999159
0.488268366 -0.199048199
0.522277673 -0.140712061
0.549821094 -0.076665071
0.570080295 -0.007713972
0.582331812 0.065212119
0.585963259 0.141074223
0.580488003 0.218738292
0.565557999 0.29699208
0.540974534 0.37456384
0.506696649 0.450142567
0.462847038 0.522399461
0.409715266 0.590010273
0.347758206 0.651678166
0.277597604 0.706156715
0.200014779 0.752272652
0.115942457 0.788947972
0.026453839 0.815220997
-0.067250989 0.830266042
-0.163861128 0.833411302
-0.261973203 0.824154638
-0.360111713 0.802176937
-0.021406397 -0.072800042
-0.015040182 -0.090647838
-0.0048296 -0.107657387
0.009098926 -0.123129782
0.026515057 -0.136388792
0.047088254 -0.146796687
0.070393602 -0.153769417
0.095919652 -0.15679085
0.123078144 -0.155425781
0.151215432 -0.149331464
0.179625417 -0.138267407
0.207563748 -0.12210325
0.234263036 -0.10082453
0.2589488 -0.074536215
0.280855848 -0.043463902
0.299244793 -0.007952627
0.313418387 0.031536719
0.322737364 0.074433342
0.326635483 0.120064786
0.324633483 0.167667336
0.316351662 0.216398441
0.301520836 0.265350943
0.279991425 0.313568885
0.251740495 0.360064642
0.216876556 0.40383706
0.175642018 0.443890322
0.12841319 0.479253184
0.075697795 0.508998242
0.01812998 0.532260901
-0.043537122 0.548257672
-0.108441208 0.556303471
-0.175622859 0.555827586
-0.244039676 0.546388002
-0.312582281 0.527683792
-0.380091942 0.499565318
-0.445379549 0.462042018
-0.507245635 0.415287585
-0.564501114 0.359642396
-0.615988393 0.295613095
-0.660602504 0.223869265
-0.697311878 0.145237191
-0.725178422 0.060690752
-0.743376508 -0.028660449
-0.751210563 -0.121585603
-0.748130894 -0.216749645
-0.733747471 -0.312732412
-0.707841378 -0.408049747
-0.670373685 -0.501176211
-0.621491552 -0.590569082
-0.56153138 -0.674693257
