8.630182 37.90736 8.070834 30.95536 0.763679 0.921586 1.398368 2.1044
7.767164 37.75568 7.26773 31.01856 0.768733 1.003648 1.403864 2.0183
8.198673 37.83152 7.668343 30.99328 0.766252 0.954198 1.404543 2.0619
6.904145391 37.56608 6.462506851 31.06912 0.774148295 1.078939701 1.413622294 1.9151
8.39631395 37.81888 7.451928928 31.29664 0.734461586 0.936131077 2.458805136 2.17024
7.291650903 37.62928 6.60587768 31.24608 0.75227095 1.0412 2.072479716 2.16896
8.146038931 37.80624 7.488281889 31.0312 0.754520053 0.968695353 1.744919106 2.18764
8.396314307 37.8568 7.781824443 30.99328 0.758780883 0.974425 1.579314033 2.0776
8.232340859 37.83152 7.631476105 31.00592 0.75975932 0.957311224 1.578527349 2.0738
8.5343969 37.8568 7.71376747 31.05648 0.741484431 0.940764538 2.065829738 2.46469
8.284121913 37.83152 7.656730771 31.01856 0.757817686 0.954614511 1.637216627 2.0384
8.31001209 37.80624 7.445163867 31.10704 0.73717026 0.964915248 2.245163223 2.48858
7.757680648 37.71776 6.933084737 31.35984 0.743057729 0.980612341 2.347729837 2.34201
7.19671893 37.604 6.569971643 31.17024 0.756719727 1.08394 1.914071821 2.04314
7.757680753 37.7304 7.126567902 31.05648 0.756152418 1.00234091 1.766721604 2.08864
7.377952578 37.62928 6.627318887 31.20816 0.7449794 1.046574676 2.23019372 2.17587
7.291650834 37.61664 6.616360436 31.13232 0.750973785 1.047635778 2.024120158 2.161
8.620698071 37.7936 6.853056369 32.01712 0.673450796 0.890187874 4.804685708 2.29354
8.51713568 37.75568 7.051181317 31.39776 0.688469469 0.959680577 3.811509738 3.3911
7.64548828 37.69248 6.950336219 31.0944 0.749942653 1.022567677 1.976141313 2.13884
8.473985496 37.81888 7.323644763 31.54944 0.720978885 0.920791203 3.022678516 2.60269
5.178109043 37.13632 4.851967506 31.08176 0.784248017 1.32743836 1.418635521 1.7031
4.315090869 36.85824 4.043688533 31.04384 0.789275448 1.555678711 1.428174913 1.5296
4.746599956 36.99728 4.449639613 31.05648 0.786909233 1.438374858 1.414526593 1.6059
3.452072696 36.51696 3.240726857 30.89216 0.794174897 1.884440632 1.393907694 1.3458
3.020563609 36.31472 2.833977866 30.82896 0.796497914 2.1114937 1.410077198 1.2522
0.863018174 34.39344 0.8091128 29.56496 0.805917915 6.80875 1.391012275 0.4678
6.472636304 37.4776 6.06049311 31.08176 0.776534201 1.133411992 1.413953507 1.8699
8.629327764 37.74304 6.669130107 31.94128 0.654045051 0.923804699 5.351638604 3.2236
5.375750341 37.11104 4.716358833 31.25872 0.738985325 1.365698003 2.74636213 2.34119
4.944241296 36.98464 4.258098094 31.49888 0.733482439 1.386230616 3.179801504 1.84082
4.659445504 36.93408 4.208061434 31.17024 0.762185523 1.467247883 2.179514639 1.65613
4.487694504 36.9088 4.206934057 31.04384 0.788475005 1.506416077 1.418076098 1.5594
4.314238313 36.82032 3.942997946 31.10704 0.77213555 1.565518269 1.942314117 1.560895
4.012182005 36.7192 3.701004544 31.01856 0.77923314 1.647149433 1.75207164 1.456
4.236566693 36.79504 3.886405678 31.06912 0.774593338 1.593542923 1.864563879 1.544739
4.05533264 36.68128 3.510516774 31.33456 0.739475327 1.651077916 3.075181128 1.71034
3.623823858 36.56752 3.357572759 30.95536 0.784329779 1.809678816 1.664972225 1.3702
4.47821184 36.89616 4.150298889 31.05648 0.78009196 1.516568598 1.651293216 1.5512
4.702596454 36.94672 4.285720897 31.11968 0.767618452 1.4803 1.990972929 1.643865
5.298079089 37.14896 4.905456013 31.10704 0.775305699 1.3348 1.660347584 1.6923
5.531093996 37.21216 5.129575734 31.08176 0.774624324 1.287056942 1.620393264 1.7271
5.867671089 37.31328 5.439964153 31.11968 0.773218029 1.229146053 1.625153168 1.7503
5.608765206 37.17424 4.819342774 31.52416 0.728655053 1.255162377 3.20792237 2.02784
5.004652222 36.93408 4.003999241 31.77696 0.688343388 1.375884144 4.744137968 2.1648
8.629325136 37.38912 4.935270366 32.00448 0.489552923 1.116483826 12.18608754 5.6985
8.629326187 37.55344 5.754093767 31.80224 0.564687318 1.041150545 8.402761553 5.0123
8.629327238 37.67984 6.565418545 31.56208 0.637297251 0.977719443 5.517429812 4.2495
8.629326713 37.604 5.021229725 33.01568 0.510880565 0.914497141 12.55824036 3.1068
8.629325136 37.25008 7.408558982 20.24928 0.466701596 0.614800619 0.404821963 3.8182
8.629324611 37.26272 5.797428413 20.80544 0.375111985 0.639335397 1.3753866 5.1798
8.629324611 37.30064 4.180795151 32.77552 0.425711507 1.111257979 17.62996958 5.6027
7.766306437 36.98464 4.970977868 20.88128 0.361379097 0.700435323 1.706301791 5.1571
7.766306962 37.14896 4.116963492 32.02976 0.457056078 1.308734507 14.28839639 5.3735
7.766306437 37.0352 3.347579572 32.87664 0.382638899 1.260226613 21.73089635 5.4586
2.709023874 35.84704 1.583924153 32.26992 0.526339711 2.278410672 12.54865192 1.26776
8.051102455 37.13632 3.580115756 32.9272 0.394273558 1.203503185 20.67619855 5.4393
4.66807371 36.4664 2.353136692 32.63648 0.451148867 1.648227965 16.76881076 3.3114
4.668074099 36.58016 2.843856312 32.21936 0.536588322 1.592837949 11.14993149 3.1979
5.28944628 36.56752 3.64532021 20.71696 0.390441518 0.907872162 1.437346775 3.3613
8.232335815 36.83296 6.283722468 20.57792 0.426440821 0.63827065 0.926529972 4.8602
8.630050377 37.90736 8.054852518 30.41184 0.748795834 0.968654 1.371256622 1.8066
8.629919019 37.90736 8.035520825 29.88096 0.733970013 1.066404685 1.3495308 1.5706
8.629656316 37.90736 7.993764117 28.83184 0.704541611 1.208663624 1.301566973 1.2946
8.629393628 37.90736 7.945460661 27.808 0.675437264 1.350271531 1.251283647 1.0798
8.629130957 37.90736 7.890632474 26.80944 0.64670908 1.4803 1.19543084 0.92507
8.198547858 37.83152 7.654296491 30.47504 0.752070992 1.028877213 1.378056964 1.7871
8.1981735 37.83152 7.59980722 28.97088 0.709893774 1.236658414 1.312816655 1.2681
8.197923947 37.83152 7.559539291 27.98496 0.68212245 1.383004151 1.260104352 1.0637
8.197674409 37.83152 7.509652959 27.03696 0.654686326 1.524039747 1.212785645 0.92151
7.767045339 37.75568 7.252614314 30.53824 0.755266896 1.073410547 1.387077305 1.7616
7.766927117 37.75568 7.240482211 30.04528 0.741843371 1.137133936 1.358154185 1.5472
7.766808899 37.75568 7.222360314 29.5776 0.728479217 1.208124888 1.343912377 1.3857
7.766454265 37.75568 7.168522584 28.17456 0.688781882 1.421280554 1.277639902 1.072
7.766217861 37.75568 7.12970077 27.25184 0.662636368 1.569847917 1.22224607 0.91274
7.982675093 37.7936 7.439130243 30.00736 0.739917392 1.118408344 1.357160882 1.5739
7.982553591 37.7936 7.422987554 29.5144 0.726193883 1.1899135 1.333578926 1.3974
7.982189106 37.7936 7.365792118 28.07344 0.685448477 1.401655391 1.264798745 1.0635
7.981946135 37.7936 7.321669069 27.13808 0.658661318 1.542669437 1.213643033 0.91302
7.335542821 37.6672 6.852524114 30.5888 0.758607999 1.107451191 1.390547082 1.7183
7.335431166 37.6672 6.842176425 30.12112 0.745892775 1.174534302 1.362327711 1.508
7.335319516 37.6672 6.826143213 29.67872 0.73322656 1.250247012 1.349406686 1.3557
7.335207868 37.6672 6.813059552 29.22368 0.720611727 1.320647262 1.324368302 1.2139
7.334984584 37.6672 6.781218934 28.33888 0.695549279 1.463084601 1.28195794 1.0446
7.334761313 37.6672 6.743633042 27.47936 0.670735387 1.604145794 1.241634451 0.89983
6.903725053 37.56608 6.416889523 29.35008 0.726197059 1.368917671 1.334836885 1.2104
6.903304765 37.56608 6.358301687 27.69424 0.679012323 1.65058272 1.254612051 0.89223
